film 0.33976292569267397 0.2621376734642788 0.39809940084304724
adapt 0.46339126150769805 0.4301570526775135 0.1064516858147886
comic 0.34257375989770367 0.36399185461248873 0.2934343854898078
book 0.3627508558684968 0.2662500137743027 0.3709991303572004
plenty 0.3029156140176507 0.04215312520073076 0.6549312607816182
succes 0.35440993899545326 0.15361350493221915 0.4919765560723276
wheth 0.3026831020925383 0.2222990189258073 0.47501787898165465
superhero 0.3169651138980463 0.5074976046930114 0.1755372814089426
batman 0.10559864367204357 0.8938586722097918 5.426841181647345E-4
superman 0.016185590536856552 0.016785767296079918 0.9670286421670635
spawn 0.003933462607514202 0.004079319061434028 0.991987218331052
gear 0.3143410432256903 0.00872947711295198 0.6769294796613575
toward 0.49083927877359834 0.2269477460717981 0.2822129751546034
kid 0.3691680225050406 0.3792530755294505 0.25157890196550914
casp 0.37868040764699934 0.5694394476817851 0.05188014467121532
arthouse 0.7268804176282522 0.066218044301678 0.2069015380700698
crowd 0.30533585683767495 0.05701988317751034 0.6376442599848146
ghost 0.18653532196885134 0.5340513188537135 0.2794133591774351
world 0.5822658371600941 0.17304330686590955 0.24469085597399645
nev 0.3160346572692099 0.37415025603789337 0.3098150866928963
really 0.17634050905495802 0.40761641129411913 0.41604307965092296
like 0.21645875612999238 0.35582708005275215 0.4277141638172553
hell 0.001475246393017759 0.2432526281436264 0.7552721254633559
starter 0.05284453431194764 0.05480405882072546 0.8923514068673268
create 0.4898002866843975 0.21068776437844203 0.2995119489371609
alan 0.4585401541832785 0.47044036773936615 0.07101947807735508
moore 0.22666763798990028 0.137026288769254 0.6363060732408453
eddie 0.5393407291877103 0.4513562597421076 0.009303011070182204
campbell 0.3496085088817434 0.003484571732485133 0.6469069193857712
bring 0.41914926912281536 0.10103939531186149 0.4798113355653233
medium 0.4310591537140873 0.12762464446283028 0.4413162018230826
whole 0.04412790911104261 0.32367334522579366 0.6321987456631638
new 0.49639563818022936 0.33322464530665996 0.17037971651311065
level 0.29208514181038636 0.28050219759494993 0.42741266059466343
mid 0.007353029192968744 0.2737330419044364 0.7189139289025948
part 0.2939118182779502 0.3747952363126066 0.33129294540944315
seri 0.28636188428498355 0.44399297281380795 0.26964514290120856
call 0.10087178743411293 0.3798129136805192 0.5193152988853679
say 0.17505923838335113 0.35244049122585475 0.4725002703907938
thoroughly 0.34796245528685893 0.39522293704267175 0.2568146076704695
research 0.21594896416514192 0.5098957329314464 0.2741553029034113
subject 0.5648385183096648 0.16117074733074974 0.27399073435958543
jack 0.381492700421596 0.47556752272409775 0.1429397768543062
ripp 0.7840592548652692 0.032090399638341954 0.18385034549638893
would 0.27281846800012155 0.41162860582664107 0.3155529261732376
michael 0.40809127735438633 0.25400105157722563 0.3379076710683879
jackson 0.0031869216357771125 0.003305095655742838 0.9935079827084801
start 0.25131458544746804 0.3889630691711313 0.35972234538140047
look 0.16000035914284358 0.4874028046356497 0.3525968362215065
little 0.2632146631111592 0.3779199605857324 0.3588653763031082
odd 0.4866826420500016 0.261213562004894 0.25210379594510446
graphic 0.5267658682270462 0.17799780057094405 0.29523633120200937
novel 0.4683248445209095 0.3647577796654741 0.16691737581361665
page 0.25921256253048813 0.3595525033549549 0.3812349341145568
long 0.24863100062993512 0.39557124890807793 0.35579775046198653
include 0.33394148296457477 0.37655551328769593 0.28950300374772925
nearly 0.4443590757946428 0.3979346476725804 0.15770627653277688
consist 0.028849614692502364 0.3198081542510686 0.6513422310564291
noth 0.028073704893011968 0.5304494146627403 0.4414768804442476
word 0.29179919746334726 0.3548283614650251 0.35337244107162746
dismiss 0.6895072808164128 0.09383948685277381 0.2166532323308131
source 0.5560130883612847 0.17646223527608954 0.26752467636262545
get 0.15567261719913825 0.4385900764279322 0.4057373063729298
past 0.18840346600839977 0.0131364080015101 0.7984601259900904
th 0.18004547023824263 0.40813631260679817 0.4118182171549588
may 0.34891107707772967 0.2667903620413754 0.384298560880895
find 0.39599811961983555 0.322661747456771 0.28134013292339377
another 0.33685779518795633 0.41887763795653554 0.24426456685550804
stumble 0.05241932665929876 0.005131913192016023 0.942448760148685
block 0.20987938695748753 0.23048264807942712 0.5596379649630854
director 0.2719574028180795 0.361931179077259 0.3661114181046614
albert 0.3859223715842861 0.00793643726432165 0.606141191151392
allen 0.5452083089613532 0.4355572438138026 0.019234447224843916
hugh 0.18495679901224105 0.004342741963679768 0.8107004590240791
brother 0.3293557004856862 0.393092445097797 0.27755185441651686
direct 0.431248740822167 0.28107181047237384 0.2876794487054593
seem 0.2762561909894574 0.3363235131219374 0.38742029588860505
almost 0.4109438694491416 0.31951905184174767 0.26953707870911076
ludicrou 0.00561387292253639 0.9913614214217711 0.003024705655692452
cast 0.3227386619020637 0.26291871091122804 0.41434262718670845
carrot 0.2437134731041532 0.7477541591006034 0.008532367795243394
top 0.32015564029758425 0.25517176982633505 0.4246725898760806
well 0.35614152329740545 0.2637591483578644 0.3800993283447299
anyth 0.17546862899052817 0.3950054950672018 0.4295258759422698
riddle 0.14219538545415708 0.02638110112767231 0.8314235134181706
set 0.45241862520212467 0.2847406218327813 0.26284075296509446
ghetto 0.35355449750795753 0.017208284198116888 0.6292372182939252
feature 0.3166026842097098 0.23521730161506868 0.4481800141752215
violent 0.038213137797436444 0.3922005711332194 0.5695862910693443
street 0.2801604892956487 0.24343776025151886 0.4764017504528322
crime 0.5793784686881501 0.24636125389301541 0.1742602774188344
mad 0.3602681762816953 0.37317427216926147 0.26655755154904315
genius 0.10907043438051854 0.7390103991244699 0.15191916649501183
behind 0.33943120653489967 0.21850030614955335 0.44206848731554677
menace 0.06591367508236269 0.6105420733579222 0.3235442515597151
ii 0.4675213240754144 0.08864608081556892 0.44383259510901646
society 0.4522059403409648 0.013410114190227347 0.5343839454688074
question 0.3346917170473208 0.14281044022937905 0.5224978427232999
course 0.13259548179238026 0.3648904166303328 0.5025141015772876
london 0.7738441481593114 0.08240282804106532 0.14375302379962349
east 0.5603923075927738 0.007067659432503013 0.4325400329747229
end 0.32257492930856513 0.33927957684754634 0.3381454938438886
filthy 0.5840349538075869 0.39681921432543515 0.019145831866978096
place 0.4009950241848205 0.31400686080650053 0.28499811500867855
whore 0.01204171413202053 0.8552968029876221 0.13266148288035753
nervou 0.32486234173545225 0.09762496312088784 0.5775126951436601
mysteriou 0.29761579116667947 0.12912386917238022 0.5732603396609403
psychopath 0.43546043735364387 0.39440353459374955 0.17013602805260652
carve 0.13538132066303096 0.8578989879958813 0.0067196913410877725
profession 0.4868471097032226 0.008558644301447985 0.5045942459953294
precision 0.4957107916792666 0.3661273529553105 0.13816185536542258
first 0.3140467628619945 0.3163025055765478 0.3696507315614577
stiff 0.16490883700480463 0.7897868915369136 0.04530427145828175
turn 0.2887853346143984 0.2742103701864997 0.43700429519910206
copp 0.03647903483552265 0.9438663800850284 0.019654585079449168
pet 0.2732246333849714 0.47920102317219004 0.24757434344283852
robbie 0.010484579479859524 0.0641187602808128 0.9253966602393274
coltrane 0.8263033719131004 0.04214161363362738 0.13155501445327256
enough 0.17795235003075552 0.43158636896488384 0.3904612810043606
inspector 0.4427825795488461 0.5105799605130648 0.04663745993808913
frederick 0.03811506626266295 0.4266592534961606 0.5352256802411768
johnny 0.28471918718709305 0.713935393184671 0.001345419628235742
depp 0.04298153938649606 0.9547664804582071 0.002251980155296543
blow 0.19597136024727804 0.5797165711708275 0.22431206858189437
crack 0.0036808525569138706 0.5020108398499831 0.49430830759310324
case 0.43173663690402453 0.4631655111972979 0.1050978518986772
widow 0.6448872496075624 0.35209100275852423 0.003021747633913419
prophetic 0.05708420865334513 0.6087648784974593 0.33415091284919596
dream 0.40329464094930567 0.006352296119577572 0.5903530629311167
unsuccessfully 0.040627398844447125 0.04213390060097007 0.917238700554583
try 0.1473602863114374 0.3702904765553495 0.48234923713321254
quell 0.46567798614594785 0.0785891718302486 0.4557328420238037
copiou 0.3547817181894975 0.6264406328264782 0.01877764898402453
amount 0.0019699456696724055 0.3053953788433191 0.6926346754870083
upon 0.28292905669578755 0.278290942463473 0.4387800008407392
arrive 0.4208574745310263 0.11712068502332211 0.4620218404456515
befriend 0.5120398164333411 0.13736744287363184 0.3505927406930273
unfortunate 0.6318504865091508 0.05918306194089422 0.3089664515499547
name 0.2677876272435578 0.4645354414898534 0.26767693126658815
mary 0.6349928766332774 0.33795134502795554 0.027055778338767166
kelly 0.3809562320689489 0.37520884520674946 0.24383492272430174
heath 0.09379055777208635 0.4001817001701836 0.5060277420577299
graham 0.7166055154129304 0.23125610574487468 0.052138378842195035
proceed 0.1731124964919107 0.4875924394358847 0.33929506407220444
investigate 0.003990888158872319 0.28500008803456506 0.7110090238065623
horribly 0.040911235597589544 0.5183569571216247 0.4407318072807857
gruesome 0.3977037974919188 0.421872246187925 0.1804239563201561
crim 0.4898352039803588 0.14734009502196901 0.3628247009976722
even 0.19903372737533967 0.45816633244478067 0.3427999401798796
police 0.4677205567214748 0.3676431461683312 0.1646362971101937
surgeon 0.18238672924499078 0.03191054327020449 0.7857027274848049
stomach 0.013271682812350917 0.08116337430631154 0.9055649428813376
think 0.1611771594278334 0.3821647774951258 0.45665806307704054
anyone 0.2547193323700306 0.47269289180602697 0.2725877758239425
need 0.19189110693354997 0.4693831249145019 0.33872576815194805
brief 0.37551692029777334 0.261550959430583 0.3629321202716437
go 0.2735723756008389 0.43520742378790517 0.2912202006112563
particular 0.3889787561131651 0.4553926459928601 0.15562859789397507
unique 0.6553622171299447 0.21742107063564942 0.12721671223440587
interest 0.27734352774135757 0.3824833783841016 0.34017309387454087
theory 0.6485126730541203 0.2998853056649494 0.05160202128093046
identity 0.3148730854594524 0.30555739727833686 0.37956951726221116
kill 0.14256468329352914 0.5098717457567201 0.3475635709497507
reason 0.017227172871655674 0.48852860228507444 0.4942442248432701
choose 0.3612859545571514 0.5186297326288186 0.12008431281402981
slay 0.008363330540069361 0.5426317032616634 0.4490049661982673
bother 0.0034282543386550826 0.7230995017539659 0.27347224390737873
cloak 0.30092884235631817 0.6833388289049406 0.01573232873874134
screenwriter 0.005019177681291357 0.3256555413089611 0.6693252810097475
terry 0.5177575056272578 0.0055127955850454765 0.47672969878769716
hay 0.5623934668309584 0.42933226243702544 0.008274270732016125
vertical 0.7640718119848288 0.03587430465360467 0.20005388336156676
limit 0.3355650956300358 0.0029161193741958453 0.6615187849957684
rafael 0.6236625452642917 0.3589805434156271 0.01735691132008133
yglesia 0.9046942676665019 0.06272066876852599 0.03258506356497246
l 0.1378982787639455 0.34802319551753536 0.5140785257185193
mi 0.5911357087534979 0.016628081545307268 0.39223620970119505
good 0.2936762466587298 0.33306233518346234 0.3732614181578078
job 0.4305807559570332 0.0608501938776556 0.5085690501653111
keep 0.25021147326561044 0.3017942332042688 0.44799429353012116
hide 0.42262413095953294 0.38374826353608965 0.19362760550437716
viewer 0.0026299125054096814 0.002727432108475356 0.9946426553861147
funny 0.0144338665659784 0.17291858706158725 0.8126475463724342
watch 0.16745853013450993 0.4018439358921358 0.4306975339733542
local 0.3728939766940393 0.07643962719095296 0.5506663961150079
blindly 0.06200681289199356 0.0643060832168262 0.8736871038911803
point 0.28423419831912294 0.4089867055941447 0.3067790960867322
fing 0.015724906687719965 0.2536566414837279 0.7306184518285521
blame 0.003317249264354442 0.4985439020694258 0.49813884866621966
jew 0.8186471018161887 0.17782726116560085 0.003525637018210429
indian 0.20906442898493174 0.21112678453355618 0.579808786481512
englishman 0.7714055839343196 0.033617733641960676 0.1949766824237199
could 0.11013394099930027 0.3526264101425129 0.5372396488581868
capable 0.05927672006057379 0.2419708414808314 0.6987524384585946
commit 0.3390363411143339 0.25851064282365027 0.4024530160620155
ghastly 0.04160568390929116 0.043148461386398884 0.9152458547043101
act 0.19521320204611448 0.40131433893169066 0.40347245902219486
whistle 0.05890243068120594 0.06108658762476166 0.8800109816940328
song 0.5668231654949556 0.049855417117978466 0.383321417387066
simpson 0.020267443586144764 0.2166894812910891 0.7630430751227663
day 0.38118530705445125 0.3384902058692646 0.28032448707628427
hold 0.3888196219956782 0.2556720734572474 0.3555083045470744
back 0.3371433700772031 0.3502414708294711 0.3126151590933257
electric 0.6646029964304623 0.326915721589837 0.008481281979700817
car 0.13780359221636163 0.5942186541691031 0.26797775361453535
make 0.30233037623260917 0.3586468167080926 0.33902280705929844
steve 0.020176021324981468 0.5096403283286117 0.47018365034640647
guttenberg 0.047104379550835435 0.8005747350574676 0.15232088539169725
star 0.35493695075148896 0.4624777787638228 0.18258527048468828
worry 0.4171689243805621 0.3655224374532259 0.21730863816621201
sense 0.3796556611479728 0.2434930953432775 0.37685124350875004
see 0.40029055925573886 0.28388276824640357 0.31582667249785734
onto 0.19537213940128595 0.2610022311112156 0.5436256294874984
appearance 0.2661848079357475 0.5725612723670446 0.16125391969720745
certainly 0.17364361471384565 0.12047038100206447 0.7058860042840898
dark 0.67632588414022 0.13277850956759385 0.19089560629218597
bleak 0.2593439470761111 0.3529321637215314 0.38772388920235734
surprise 0.32204102136757173 0.0966210822433655 0.5813378963890632
much 0.26407550937128665 0.375751576536723 0.36017291409199037
tim 0.19087027302014697 0.4015403318167011 0.4075893951631516
burton 0.26814361462157177 0.6718157790276291 0.06004060635079893
planet 0.0013483255933962155 0.19293987503415644 0.805711799372447
ape 0.0025239406599340216 0.0026175307283533298 0.9948585286117122
time 0.2663200197575402 0.2843055162119016 0.4493744640305583
sleepy 0.004927251128908408 0.9791208057665766 0.015951943104514636
hollow 0.19053337492889802 0.1574554530949679 0.652011171976134
print 0.07609628925676688 0.5638844060776728 0.3600193046655602
completely 0.218784370135833 0.5442525567367338 0.23696307312743323
finish 0.03838968493645439 0.27290980634043255 0.6887005087231131
color 0.7825108986084126 0.05736065326641314 0.16012844812517407
music 0.43955586074607855 0.21089626264942768 0.34954787660449377
comment 0.004245118926527368 0.049566859242917795 0.9461880218305552
marilyn 0.027574661977149976 0.028597156103912915 0.943828181918937
manson 0.02833048218515104 0.3426392059693959 0.629030311845453
cinematograph 0.4820284060192035 0.14499706648943156 0.3729745274913647
ably 0.8301012170431699 0.11110793934714683 0.058790843609683355
capture 0.3096168853760159 0.16972690026200404 0.52065621436198
victorian 0.7333624227415505 0.03878003095626656 0.227857546302183
era 0.8001651765086812 0.1547284570958195 0.045106366395499226
help 0.31375789454378844 0.19752719916538042 0.488714906290831
flashy 0.5816151432304523 0.2887475963938118 0.12963726037573542
scen 0.3966195368507548 0.3638743886257158 0.23950607452352907
remind 0.2807947007865413 0.27196662039641895 0.4472386788170397
crazy 0.36012939072783307 0.5032761559642897 0.1365944533078769
flashback 0.29965958140691146 0.13080204728786488 0.5695383713052234
twin 0.01897999123447098 0.8435082309172574 0.13751177784827145
peak 0.004377290106905167 0.81606923019161 0.1795534797014848
though 0.36750585807317515 0.2319769548578573 0.40051718706896766
violence 0.4397875995493214 0.29264355125126923 0.2675688491994091
pal 0.8815216206122146 0.006825685357358051 0.11165269403042732
comparison 0.002813316945051163 0.5991486026000435 0.3980380804549049
black 0.477677245821976 0.23908895857728105 0.2832337956007427
white 0.5454740005202559 0.36489284111773646 0.08963315836200761
oscar 0.6702366161420075 0.13601254236942337 0.19375084148856914
winn 0.41031419462520974 0.13807286922112286 0.45161293615366754
martin 0.10326565682978786 0.058623981785940305 0.8381103613842715
child 0.466625594963293 0.11097310563387836 0.4224012994028285
shakespeare 0.8265194750324318 0.0025505406435815665 0.1709299843239863
love 0.4723598892685124 0.13647512858159205 0.3911649821498954
production 0.42520687883942365 0.3182897185797854 0.25650340258079135
design 0.5474870627078345 0.2513344676755402 0.20117846961662522
original 0.13947626632868093 0.30818105542157326 0.5523426782497463
surrounding 0.7346864186580397 0.016012190792980618 0.2493013905489795
one 0.28329262851620574 0.3750417878184898 0.3416655836653046
creepy 0.11344984567225852 0.07669558067150675 0.809854573656235
solid 0.5683840247254476 0.020368421037468623 0.4112475542370835
dreamy 0.9040514259249924 0.023068849435149905 0.0728797246398575
typically 0.07985387594018363 0.01352279564056275 0.9066233284192535
strong 0.7076040512745521 0.04338084703282953 0.2490151016926184
performance 0.41269316809978535 0.12231433385816917 0.4649924980420451
deftly 0.047297093753123215 0.04905091400359807 0.9036519922432791
handle 0.012491387745130618 0.2866467575484191 0.70086185470645
british 0.28244853443871887 0.040699147845193025 0.6768523177160879
accent 0.07606189558739754 0.6540932390398304 0.2698448653727722
ian 0.8740263954408785 0.12377522336425638 0.0021983811948654325
holm 0.6481629590963653 0.00609241297178753 0.34574462793184707
joe 0.2449678554512917 0.512135874763062 0.24289626978564652
gould 0.9629681772433428 0.024370629469458036 0.012661193287198808
secret 0.29530368744209595 0.40386402070907956 0.30083229184882443
richardson 0.08045680482182364 0.014021737791392578 0.9055214573867839
dalmatian 0.006451049067282349 0.9900731820886051 0.0034757688441124433
log 0.03723545426533567 0.4217835006107869 0.5409810451238775
great 0.5834530938935527 0.16353102769752023 0.25301587840892675
support 0.4551687459705807 0.17878200804500186 0.36604924598441757
rol 0.3859689686665552 0.37702728772744815 0.23700374360599663
big 0.16290008510811563 0.5669590664314048 0.2701408484604791
cringe 0.09136169092623518 0.364979350117588 0.5436589589561769
open 0.31246607067600657 0.3223533678541656 0.36518056146982814
mouth 0.03529056429850433 0.3365465421152435 0.6281628935862521
imagine 0.3831011750552887 0.38564695082245204 0.23125187412225917
attempt 0.12763347454750687 0.5595176866024955 0.3128488388499975
irish 0.6859906727420353 0.006540525196951765 0.30746880206101296
actually 0.21697360975531751 0.32992465197922166 0.4531017382654605
half 0.0602880111119396 0.41231018236863387 0.5274018065194267
bad 0.007519412863528084 0.8255370146890725 0.16694357244739974
howev 0.382571641079338 0.26631440759867236 0.35111395132198964
r 0.2167707025950609 0.5106835328924317 0.2725457645125073
gore 0.003512599083626734 0.09259926989124104 0.9038881310251323
sexuality 0.30973833944008755 0.4451686415910373 0.2450930189688753
language 0.41999063664903025 0.29173966836555093 0.2882696949854187
drug 0.0014543692556826125 0.13383382954336462 0.864711801200953
content 0.26865289247238644 0.0667442810713209 0.6646028264562927
every 0.17152207740396563 0.3841621368531001 0.44431578574293445
movie 0.16032647689742738 0.4851070248608156 0.35456649824175707
come 0.28743470020408096 0.3095858381353648 0.40297946166055426
along 0.15421765162733658 0.18801704813660622 0.6577653002360574
suspect 0.27332200322811956 0.29378220426653534 0.4328957925053452
studio 0.18925453554026264 0.6219956885219657 0.18874977593777173
indication 0.349456990955369 0.26570959063436966 0.38483341841026125
stink 0.006767552529107998 0.9164588315830569 0.07677361588783498
everybody 0.1506934883879267 0.20972467411438966 0.6395818374976833
perhap 0.47849754560943686 0.20808207713078522 0.313420377259778
become 0.4123254321444343 0.2680158088700139 0.3196587589855524
critical 0.45541667624179905 0.13201491680217817 0.41256840695602265
darl 0.5880364563466076 0.05896660130494988 0.3529969423484427
mtv 0.004938844687648496 0.6308831881770509 0.3641779671353006
election 0.009104058179388766 0.10145046250670207 0.8894454793139089
high 0.27879599292717805 0.28156392731175006 0.4396400797610721
school 0.37594872858696915 0.5610453331121902 0.06300593830084056
comedy 0.12486290214845754 0.25578288660031806 0.6193542112512245
matthew 0.21245664054069996 0.5374123768848023 0.2501309825744975
broderick 0.52425944413804 0.47324895820257473 0.0024915976593852976
reese 0.697592735043373 0.2999167147060657 0.0024905502505610513
witherspoon 0.8425956360465983 0.15376261948124095 0.0036417444721604845
current 0.06264607788457152 0.3734046425907494 0.5639492795246792
example 0.15941116948129447 0.21810602383841698 0.6224828066802885
anybody 0.18993518020770084 0.41029073451465564 0.3997740852776436
know 0.2049440689856577 0.3697331351979382 0.42532279581640364
exist 0.18956819472504244 0.2119963959592927 0.5984354093156645
week 0.06386736840725805 0.19408451300479243 0.7420481185879494
plot 0.0735120388441502 0.4891259102386132 0.4373620509172368
deceptively 0.06279604347504837 0.06512457920434922 0.8720793773206025
simple 0.5850829439595634 0.006978663530154302 0.40793839251028213
george 0.6229086688638372 0.33445399942452564 0.04263733171163699
washington 0.8014268993593173 0.019261216125641484 0.17931188451504088
carv 0.9576250616543995 0.010378948888385893 0.031995989457214484
student 0.26449882380795714 0.3925571870765312 0.3429439891155118
tracy 0.8935848999457642 0.10172190406320845 0.004693195991027232
flick 0.34907072361271974 0.34168711894025144 0.3092421574470287
hand 0.2382414745546692 0.20155791034000892 0.5602006151053218
raise 0.21038149683326351 0.002607586830378839 0.7870109163363576
way 0.35237081604118525 0.23836143159802678 0.40926775236078783
mr 0.4520707576115606 0.3767494811193158 0.1711797612691236
sick 0.18407606176421798 0.004988791135340217 0.8109351471004419
megalomaniac 0.6381858461793926 0.3459026982832163 0.01591145553739147
encourage 0.4329741769626618 0.010742270603348978 0.5562835524339892
paul 0.25356516217245384 0.5179680969438168 0.22846674088372906
popular 0.32145988789206137 0.4025799916299807 0.275960120477958
slow 0.28995189864188453 0.2753239616711096 0.434724139687006
jock 0.01112874694521375 0.23648348106047568 0.7523877719943106
run 0.21848129970959185 0.32344220186024225 0.4580764984301658
nihilistic 0.7448968847076878 0.03710244748618759 0.21800066780612481
sist 0.512422905397611 0.27249624326299293 0.21508085133939592
jump 0.17559740811076094 0.5892627803859749 0.2351398115032638
race 0.431568176076044 0.5598629303629933 0.008568893560962557
personal 0.7339851718954024 0.24494140358952568 0.02107342451507216
side 0.4598597646416721 0.18246706630635787 0.35767316905196983
sleep 0.07647643285941146 0.527188767177507 0.3963347999630814
expectation 0.3219131484576883 0.21756583546861802 0.46052101607369383
low 0.022645894948516987 0.36895184153899113 0.6084022635124917
fact 0.2739160422128637 0.31915415979200024 0.406929797995136
quality 0.3627191872140963 0.37149672664629296 0.26578408613961063
stuff 0.0857415029812279 0.31076385380706645 0.6034946432117059
review 0.22630104679913968 0.47067444317005586 0.3030245100308044
enthusiastic 0.014569755329566633 0.5839936132218911 0.40143663144854197
right 0.34417094126261727 0.24106942676262422 0.4147596319747586
baggage 0.027427192093951204 0.028444217900211437 0.9441285900058373
glow 0.10158866806512622 0.017144399194498547 0.8812669327403754
contrast 0.7870907459836729 0.0034040592601886303 0.20950519475613777
negative 0.4859418074546631 0.2671911618293935 0.2468670307159433
reviewer 0.3596028741358065 0.013934970761658179 0.626462155102535
likely 0.287439689977793 0.40425960183060217 0.3083007081916043
live 0.3823543360918451 0.35164377951870285 0.26600188438945205
hype 0.2848363481973853 0.7131246910876163 0.0020389607149978936
disappoint 0.037548847702520545 0.0023697238442796794 0.9600814284531993
contain 0.37984212217946417 0.18976913592715217 0.43038874189338383
significant 0.08968264665580114 0.46369812523871423 0.44661922810548477
detail 0.544081580644453 0.09265821724275859 0.3632602021127884
lift 0.18962299990485637 0.007294224898736898 0.8030827751964066
directly 0.319575338309233 0.6177784011803374 0.06264626051042899
rushmore 0.9856209744916629 0.009462831605624396 0.004916193902712876
release 0.5526662162889633 0.2350833991601399 0.21225038455089693
month 0.45312648559411706 0.37623725819517095 0.1706362562107121
early 0.3324468859045624 0.22103249825276972 0.44652061584266783
similariti 0.7152993501957833 0.06019675636224496 0.22450389344197152
stagger 0.027108480561839253 0.028113688247899636 0.9447778311902609
president 0.5493623928500287 0.11627049365961385 0.3343671134903569
extraordinary 0.8857452103085498 0.004098692583014269 0.11015609710843584
number 0.24598503827339618 0.3669723432251075 0.38704261850149646
club 0.047407471157982835 0.5873811587257077 0.36521137011630916
involve 0.30687956011031065 0.45431183775708994 0.23880860213259952
play 0.2759890254190911 0.2955166173787058 0.428494357202203
max 0.4197640222128827 0.514411509328077 0.0658244684590403
fisch 0.03802036125915728 0.2443318598183249 0.7176477789225175
tension 0.2710088686039493 0.18763862499806985 0.5413525063979807
potential 0.02130712887084646 0.39727812934189194 0.5814147417872617
relationship 0.6268299989724185 0.24570966830972188 0.1274603327178594
teach 0.7128123971644857 0.15556924191373842 0.1316183609217757
single 0.2530496901617094 0.3886608662295534 0.358289443608737
parent 0.45905944193379583 0.3323217070628022 0.2086188510034022
home 0.3485426348313676 0.25852722733477995 0.39293013783385267
contribute 0.5165257234772879 0.10352441014541677 0.3799498663772954
drive 0.3856604832314347 0.3704434391644018 0.24389607760416376
male 0.36029620550303826 0.48353967529566827 0.156164119201293
bumble 0.1254832809406075 0.42306395085432796 0.45145276820506436
adult 0.6404709885300894 0.037996793811948225 0.32153221765796264
pursue 0.29369987504372114 0.007319266979215469 0.6989808579770633
extramarital 0.0759669063195805 0.44549220716761107 0.4785408865128085
affair 0.03432469161114843 0.051625241275463064 0.9140500671133885
catch 0.2028795632844912 0.42820633966429206 0.36891409705121697
life 0.6179055426850727 0.15564507275451694 0.22644938456040997
ruin 0.14600788659678174 0.41365793374401777 0.44033417965920035
bee 0.8296471764411214 0.15641527588387194 0.013937547675006531
sting 0.20620655161830534 0.3957379624754005 0.3980554859062938
bill 0.10860259486496704 0.04417802830714842 0.8472193768278845
murray 0.005219194015345894 0.2887092001138242 0.7060716058708302
several 0.371998924655186 0.24571859290816309 0.3822824824366509
happen 0.10425733168514507 0.3691947658343603 0.5265479024804951
individual 0.4002257135909103 0.002863484808540325 0.5969108016005494
screenplay 0.0821912623762295 0.2177466467045405 0.7000620909192302
many 0.4682887335338441 0.2539050522258165 0.27780621424033997
yet 0.5258619810919305 0.22697023465257002 0.247167784255499
probably 0.37290943573613594 0.3068559272207226 0.3202346370431416
aware 0.030089083459797585 0.3973355415173925 0.5725753750228098
two 0.2654555092820722 0.2723310152199793 0.46221347549794833
different 0.5814245455631905 0.30211563157838606 0.1164598228584232
genre 0.49759019617586187 0.2876218569927614 0.21478794683137667
geek 0.25520086663376285 0.35215072434715994 0.39264840901907716
revenge 0.13825196781896298 0.0740032549988305 0.7877447771822065
fully 0.5942162844544309 0.32107724991741926 0.08470646562814982
form 0.42283959870426163 0.22633097049261577 0.35082943080312257
strength 0.6824358439641253 0.0035580963854502275 0.3140060596504247
rely 0.08928866289266389 0.02509459187066175 0.885616745236674
fantastic 0.6910183217410194 0.0410772978375077 0.26790438042147235
performanc 0.5977620773760647 0.15111074774889105 0.2511271748750441
newcom 0.4105727706759141 0.5654130235204338 0.024014205803651913
jessica 0.8954569717042609 0.006904935072912939 0.09763809322282628
anti 0.32226002984444674 0.004086594075114763 0.6736533760804382
social 0.5489131490226822 0.16074595168179798 0.2903408992955199
tammy 0.06380229649885819 0.06616814502668891 0.8700295584744531
role 0.38804736414755053 0.2117706787147026 0.4001819571377466
ferri 0.027300408331503687 0.028312732877868906 0.9443868587906276
buell 0.06289895472436587 0.06523130649855938 0.871869738777075
fun 0.3006540372303854 0.2283372736351753 0.4710086891344392
since 0.25524798837833157 0.39223208152483546 0.3525199300968325
revelation 0.6540516555512373 0.029981870396245648 0.315966474052517
year 0.4543895212102145 0.30429564317911506 0.24131483561067066
teenager 0.004213874331345981 0.36021603453606643 0.6355700911325874
clout 0.2300770559550791 0.7589576473452531 0.010965296699667776
money 0.2581198201097128 0.41458731237538365 0.3272928675149035
deserve 0.5637026898439108 0.31862753206321454 0.11766977809287453
nomination 0.7327519914103433 0.02206449036929167 0.2451835182203648
charact 0.2846344284029197 0.3202216220987385 0.395143949498342
speech 0.424342146559156 0.21923953968370616 0.35641831375713795
suppose 0.04854562054137837 0.7539525200527664 0.19750185940585477
expect 0.258318411124258 0.32512950914550615 0.41655207973023584
les 0.24463936110698253 0.30687252745661464 0.4484881114364028
light 0.4199484452743258 0.14685327119778974 0.43319828352788464
airy 0.059873956585867964 0.06209413861405895 0.8780319048000733
sitcom 0.005544976017990769 0.3718290063176455 0.6226260176643642
screw 0.14053976292708986 0.030291079683652935 0.8291691573892569
tighten 0.05466594029895359 0.056693004236708186 0.8886410554643378
mount 0.01669201797493341 0.5261669454556942 0.45714103656937216
alexand 0.45413323166792613 0.06921982562763178 0.476646942704442
payne 0.5302810803742909 0.34165327027683134 0.12806564934887787
decide 0.2281549783021072 0.4260630897635446 0.34578193193434825
add 0.2908128302291777 0.26442273040434255 0.44476443936648
element 0.4414807261474993 0.28225779650688415 0.27626147734561657
frankly 0.044451957125048826 0.7981787189233878 0.15736932395156317
distract 0.026982423182585768 0.027332960183624647 0.9456846166337901
story 0.4463592686203286 0.23951029922348455 0.31413043215618675
determination 0.763801913313283 0.22932406453400303 0.006874022152713858
win 0.4350559322926807 0.0980531753191202 0.46689089238819914
cost 0.44752385686209295 0.5506113867825821 0.001864756355324537
throw 0.12052833981021384 0.5514960172121526 0.3279756429776337
logical 0.059285647677411166 0.5482381232317556 0.3924762290908333
lot 0.18843077154822466 0.3505542999185923 0.46101492853318293
nosedive 0.06033792123298768 0.0625753075020538 0.8770867712649589
take 0.3918079842828471 0.2802191586359712 0.3279728570811816
explicitly 0.17970633969508654 0.19398165700805564 0.6263120032968579
sex 0.19179186713389695 0.5581472237647818 0.25006090910132145
mark 0.21114252208692663 0.19424493719876437 0.5946125407143089
disappointment 0.0036550555175762773 0.6602783422535016 0.3360666022289221
mail 0.4628439065038181 0.03617692440666637 0.5009791690895152
work 0.39424539361379324 0.33452186098002934 0.2712327454061772
alot 0.042392458702614114 0.043964410521221436 0.9136431307761648
ord 0.4187188743072424 0.21284772569274757 0.36843340000001007
extremely 0.43261175309399497 0.32437212004510213 0.24301612686090332
attractive 0.21642273452205246 0.4626141965490309 0.32096306892891596
share 0.5890384899845983 0.08758465747358135 0.3233768525418203
screen 0.38426897999645143 0.33805423794534395 0.27767678205820484
hour 0.194870215792582 0.2603244181137012 0.5448053660937169
collect 0.008248332445036666 0.19130454947927691 0.8004471180756862
profit 0.7291835246730662 0.011408649261801594 0.2594078260651319
real 0.26764160788852526 0.34339358059805936 0.3889648115134151
inventive 0.5438302182056041 0.006525684712717172 0.44964409708167874
bone 0.2278267361947014 0.7241473198741534 0.04802594393114511
body 0.09709158494429292 0.2822468605325281 0.620661554523179
basically 0.001743030148250499 0.2788756504626247 0.7193813193891248
complete 0.041776039269372046 0.36065852230498907 0.5975654384256386
shoot 0.3169824856343394 0.39308839164080145 0.28992912272485943
shop 0.5886518587133569 0.33651843360407746 0.07482970768256536
around 0.17166118633169317 0.4455108589593044 0.3828279547090023
corn 0.24636460141976563 0.43320663296548756 0.32042876561474704
modern 0.5686304712536503 0.08740952087946206 0.3439600078668872
twist 0.22748861954154959 0.2807677446777706 0.49174363578067987
essentially 0.21023655218457862 0.005919657794250987 0.7838437900211702
defy 0.012366023855457934 0.08119188982811407 0.9064420863164275
concept 0.3074626205702014 0.1926273273760931 0.4999100520537052
contemporary 0.706287228104071 0.26513605788208666 0.02857671401384299
filmmak 0.5495709518963646 0.3591017105048923 0.09132733759874301
overly 0.2764834314957248 0.27151355761474344 0.45200301088953154
sentimental 0.47837535902581485 0.008707031755019457 0.5129176092191655
terribly 0.005224401170515507 0.6241299734507252 0.37064562537875934
mushy 0.045183804183838674 0.5570603034965639 0.3977558923195977
mention 0.16684180537358737 0.4020422842007981 0.4311159104256144
manipulative 0.6443022193323803 0.17299796605314494 0.18269981461447454
oh 0.10966246138609578 0.5618130876733638 0.3285244509405406
enjoyable 0.19149684074428236 0.0024665837514634397 0.8060365755042542
manipulation 0.794522382353396 0.10173058005700808 0.10374703758959604
must 0.38579039194963455 0.3054801353864447 0.308729472663921
someth 0.19944798377375617 0.3584087962651628 0.4421432199610809
absolutely 0.002190514020154285 0.07230837530486765 0.9255011106749779
hat 0.1898312794125251 0.4709749867212323 0.3391937338662423
previou 0.4716613646140727 0.16561711362727793 0.3627215217586491
ryan 0.7488160108421587 0.0014337789641704376 0.24975021019367086
hank 0.6808217621023708 0.26552682173211356 0.05365141616551574
team 0.1507530785244724 0.4071247338547819 0.442122187620746
sleeples 0.44249822306882747 0.027078101872610456 0.5304236750585621
seattle 0.01523618853927142 0.015801160588922197 0.9689626508718062
helm 0.035288714946261845 0.4106394074059193 0.5540718776478186
woman 0.26476238008758207 0.4513516148875738 0.2838860050248438
quite 0.3914343449163908 0.060140558516730946 0.5484250965668782
figure 0.20469727127942047 0.4739319821571669 0.3213707465634123
important 0.3540905749510539 0.14684146768714054 0.4990679573618055
storyline 0.265776421278689 0.4207870467417025 0.31343653197960836
clich 0.10048196750601299 0.6073064505836538 0.2922115819103331
tom 0.34601114999284693 0.0013998243905568343 0.6525890256165964
fox 0.6331591975519502 0.1154291513001008 0.25141165114794894
insanely 0.029227777615531806 0.030311570808535568 0.9404606515759323
likeable 0.5945887487475138 0.3270467103645267 0.0783645408879593
owner 0.28042266871265836 0.3502906083986577 0.3692867228886841
discount 0.028410120921546687 0.4828515999276008 0.4887382791508523
chain 0.5275782621556246 0.2930414744329549 0.17938026341142033
meg 0.3446716618933686 0.5398701762430813 0.11545816186354999
kathleen 0.010407967136731474 0.5005863961366039 0.4890056367266646
kelley 0.6405683333418002 0.23395608145458274 0.1254755852036171
proprietor 0.5761395791829312 0.27187059299924754 0.15198982781782125
family 0.6610079942253334 0.22575249374614562 0.11323951202852096
nice 0.11867393243712714 0.2219303826648064 0.6593956848980664
homage 0.5051064706687332 0.24335208467391092 0.25154144465735623
soon 0.3949316739811656 0.3320337763601734 0.2730345496586612
bitter 0.6829786674478355 0.005197921131418656 0.3118234114207458
rival 0.3147296341110869 0.40788851279542804 0.27738185309348506
store 0.23514827516710993 0.04532264085678703 0.7195290839761028
acros 0.06047487454995798 0.1780314340905036 0.7614936913595384
small 0.5240546515368381 0.2217125428981307 0.25423280556503114
busines 0.3036482697538983 0.241491347238169 0.4548603830079325
already 0.14855600196847724 0.3256846872913079 0.5257593107402151
internet 0.3831048113337865 0.35290157312204795 0.2639936155441656
neith 0.10081371105639665 0.648899061198364 0.25028722774523915
party 0.10904513772778263 0.45244803489567303 0.43850682737654434
person 0.3401854959867712 0.1848656803152927 0.47494882369793595
true 0.6251520338897013 0.07638654460055117 0.29846142150974736
serve 0.3016138137185096 0.2698891219012702 0.4284970643802202
mere 0.31202535388909325 0.2034036725379739 0.4845709735729326
backdrop 0.7085984310492627 0.2135020166607696 0.07789955228996767
sure 0.1455682936050136 0.347056143822636 0.5073755625723504
mildly 0.006168305961700184 0.6958797267414714 0.2979519672968281
subplot 0.09704528405123147 0.6746455869483728 0.22830912900039554
fail 0.022634187282092186 0.6052542705293732 0.37211154218853465
utter 0.42035135163157533 0.4779667016753038 0.10168194669312046
cutenes 0.28325037363324096 0.7071307169369748 0.009618909429784104
main 0.1735142019903684 0.3579229353349099 0.46856286267472225
lead 0.4597909900695783 0.21424343443837637 0.3259655754920455
predictable 0.11324623260964606 0.6236245545162085 0.2631292128741455
climax 0.4846600037788186 0.031611219223082486 0.483728776998099
damn 0.07160285631042211 0.5329795848787371 0.3954175588108404
cute 0.1600940161278392 0.2848244220483906 0.5550815618237699
do 0.39703112313110533 0.2193770707148653 0.3835918061540296
doubt 0.48601032097603974 0.22008813417393291 0.29390154485002745
entire 0.3407004693676882 0.3186285140301622 0.3406710166021494
scene 0.23308637731332113 0.19343481520641412 0.5734788074802649
evoke 0.5751523815251095 0.35406634986051944 0.07078126861437099
pure 0.5496213303616048 0.07840682286981067 0.37197184676858436
joy 0.7095870317369999 0.07721078145813895 0.21320218680486128
discover 0.5363061652047484 0.1570505665618058 0.3066432682334459
online 0.7522597706579788 0.021017476140197295 0.22672275320182375
fill 0.4008059574030684 0.28695069751792884 0.31224334507900275
lack 0.19724346284343103 0.5304131529123794 0.27234338424418947
happines 0.6323614536979396 0.00739350073051083 0.36024504557154924
leave 0.3249219568392904 0.23493484297719422 0.440143200183515
theat 0.14601676477260606 0.23204342077779916 0.6219398144495948
smile 0.5459373070233426 0.4428090779384552 0.011253615038202167
jaw 0.18377423364285708 0.5904340770691547 0.2257916892879884
rare 0.5643511506826664 0.03408617985405808 0.4015626694632762
grab 0.14021372306309707 0.606583225379862 0.25320305155704054
attention 0.3879685329189378 0.3571827484963407 0.2548487185847216
show 0.3715194743055844 0.2947568624631987 0.33372366323121666
image 0.3384465874471708 0.009246488142758368 0.6523069244100707
blacknes 0.806102214146177 0.04619271190262548 0.14770507395119753
